0
20
52
0
1
26
88
0
1
2
36
87
0
1
3
43
95
2
4
53
133
2
4
5
63
130
2
3
4
6
8
70
148
2
7
150
3
8
73
151
3
8
9
82
158
3
10
85
4
7
11
215
5
12
96
196
5
12
13
106
193
5
6
12
14
16
113
211
5
7
11
15
213
6
16
116
218
6
9
16
17
22
125
233
6
7
11
18
235
6
10
19
21
128
7
20
236
8
10
21
131
9
22
134
237
9
22
23
143
244
9
10
21
24
146
10
25
149
11
20
26
323
12
15
27
301
13
28
159
282
13
28
29
169
279
13
14
28
30
32
176
297
13
15
27
31
299
14
32
179
304
14
17
32
33
39
188
319
14
15
18
27
34
37
321
14
19
35
38
191
15
20
26
36
322
16
18
37
325
16
19
38
194
17
39
197
328
17
23
39
40
48
206
343
17
18
37
41
345
17
19
24
38
42
47
209
18
20
26
43
346
18
19
44
19
25
45
46
212
21
25
46
214
22
24
47
216
23
48
219
347
23
48
49
228
354
23
24
47
50
231
24
25
46
51
234
25
52
236
27
36
53
433
28
31
54
411
29
55
245
392
29
55
56
255
389
29
30
55
57
59
262
407
29
31
54
58
409
30
59
265
414
30
33
59
60
66
274
429
30
31
34
54
61
64
431
30
35
62
65
277
31
36
53
63
432
32
34
64
435
32
35
65
280
33
66
283
438
33
40
66
67
78
292
453
33
34
41
64
68
76
455
33
35
42
65
69
77
295
34
36
43
53
70
73
456
34
35
44
71
74
35
45
72
75
298
37
43
73
457
37
38
44
74
38
45
75
300
39
41
76
459
39
42
77
302
40
78
305
462
40
49
78
79
91
314
477
40
41
76
80
479
40
42
50
77
81
90
317
41
43
73
82
480
41
42
44
74
83
42
45
51
75
84
89
320
43
44
85
44
45
86
45
52
87
88
322
46
52
88
323
47
51
89
324
48
50
90
326
49
91
329
481
49
91
92
338
488
49
50
90
93
341
50
51
89
94
344
51
52
88
95
346
54
63
96
567
55
58
97
545
56
98
355
526
56
98
99
365
523
56
57
98
100
102
372
541
56
58
97
101
543
57
102
375
548
57
60
102
103
109
384
563
57
58
61
97
104
107
565
57
62
105
108
387
58
63
96
106
566
59
61
107
569
59
62
108
390
60
109
393
572
60
67
109
110
121
402
587
60
61
68
107
111
119
589
60
62
69
108
112
120
405
61
63
70
96
113
116
590
61
62
71
114
117
62
72
115
118
408
64
70
116
591
64
65
71
117
65
72
118
410
66
68
119
593
66
69
120
412
67
121
415
596
67
79
121
122
139
424
611
67
68
80
119
123
137
613
67
69
81
120
124
138
427
68
70
82
116
125
134
614
68
69
71
83
117
126
135
69
72
84
118
127
136
430
70
71
85
128
131
71
72
86
129
132
72
87
130
133
432
73
74
85
131
74
75
86
132
75
87
133
433
76
82
134
615
76
77
83
135
77
84
136
434
78
80
137
617
78
81
138
436
79
139
439
620
79
92
139
140
154
448
635
79
80
137
141
637
79
81
93
138
142
153
451
80
82
134
143
638
80
81
83
135
144
81
84
94
136
145
152
454
82
83
85
131
146
83
84
86
132
147
84
87
95
133
148
151
456
85
86
149
86
87
150
89
95
151
457
90
94
152
458
91
93
153
460
92
154
463
639
92
154
155
472
646
92
93
153
156
475
93
94
152
157
478
94
95
151
158
480
97
106
159
712
98
101
160
692
99
161
489
675
99
161
162
499
672
99
100
161
163
165
506
688
99
101
160
164
690
100
165
509
695
100
103
165
166
172
518
708
100
101
104
160
167
170
710
100
105
168
171
521
101
106
159
169
711
102
104
170
714
102
105
171
524
103
172
527
717
103
110
172
173
184
536
730
103
104
111
170
174
182
732
103
105
112
171
175
183
539
104
106
113
159
176
179
733
104
105
114
177
180
105
115
178
181
542
107
113
179
734
107
108
114
180
108
115
181
544
109
111
182
736
109
112
183
546
110
184
549
739
110
122
184
185
202
558
752
110
111
123
182
186
200
754
110
112
124
183
187
201
561
111
113
125
179
188
197
755
111
112
114
126
180
189
198
112
115
127
181
190
199
564
113
114
128
191
194
114
115
129
192
195
115
130
193
196
566
116
117
128
194
117
118
129
195
118
130
196
567
119
125
197
756
119
120
126
198
120
127
199
568
121
123
200
758
121
124
201
570
122
202
573
761
122
140
202
203
224
582
774
122
123
141
200
204
222
776
122
124
142
201
205
223
585
123
125
143
197
206
219
777
123
124
126
144
198
207
220
124
127
145
199
208
221
588
125
126
128
146
194
209
216
126
127
129
147
195
210
217
127
130
148
196
211
218
590
128
129
149
212
214
129
130
150
213
215
131
132
149
214
132
133
150
215
134
135
146
216
135
136
147
217
136
148
218
591
137
143
219
778
137
138
144
220
138
145
221
592
139
141
222
780
139
142
223
594
140
224
597
783
140
155
224
225
240
606
796
140
141
222
226
798
140
142
156
223
227
239
609
141
143
219
228
799
141
142
144
220
229
142
145
157
221
230
238
612
143
144
146
216
231
144
145
147
217
232
145
148
158
218
233
237
614
146
147
149
214
234
147
148
150
215
235
149
150
236
152
158
237
615
153
157
238
616
154
156
239
618
155
240
621
800
155
240
241
630
805
155
156
239
242
633
156
157
238
243
636
157
158
237
244
638
160
169
245
851
161
164
246
835
162
247
647
822
162
247
248
652
819
162
163
247
249
251
657
831
162
164
246
250
833
163
251
660
838
163
166
251
252
258
667
847
163
164
167
246
253
256
849
163
168
254
257
670
164
169
245
255
850
165
167
256
853
165
168
257
673
166
258
676
856
166
173
258
259
270
683
865
166
167
174
256
260
268
867
166
168
175
257
261
269
686
167
169
176
245
262
265
868
167
168
177
263
266
168
178
264
267
689
170
176
265
869
170
171
177
266
171
178
267
691
172
174
268
871
172
175
269
693
173
270
696
874
173
185
270
271
288
703
883
173
174
186
268
272
286
885
173
175
187
269
273
287
706
174
176
188
265
274
283
886
174
175
177
189
266
275
284
175
178
190
267
276
285
709
176
177
191
277
280
177
178
192
278
281
178
193
279
282
711
179
180
191
280
180
181
192
281
181
193
282
712
182
188
283
887
182
183
189
284
183
190
285
713
184
186
286
889
184
187
287
715
185
288
718
892
185
203
288
289
310
725
901
185
186
204
286
290
308
903
185
187
205
287
291
309
728
186
188
206
283
292
305
904
186
187
189
207
284
293
306
187
190
208
285
294
307
731
188
189
191
209
280
295
302
189
190
192
210
281
296
303
190
193
211
282
297
304
733
191
192
212
298
300
192
193
213
299
301
194
195
212
300
195
196
213
301
197
198
209
302
198
199
210
303
199
211
304
734
200
206
305
905
200
201
207
306
201
208
307
735
202
204
308
907
202
205
309
737
203
310
740
910
203
225
310
311
334
747
919
203
204
226
308
312
332
921
203
205
227
309
313
333
750
204
206
228
305
314
329
922
204
205
207
229
306
315
330
205
208
230
307
316
331
753
206
207
209
231
302
317
326
207
208
210
232
303
318
327
208
211
233
304
319
328
755
209
210
212
234
300
320
324
210
211
213
235
301
321
325
212
213
236
322
323
214
215
236
323
216
217
234
324
217
218
235
325
219
220
231
326
220
221
232
327
221
233
328
756
222
228
329
923
222
223
229
330
223
230
331
757
224
226
332
925
224
227
333
759
225
334
762
928
225
241
334
335
350
769
937
225
226
332
336
939
225
227
242
333
337
349
772
226
228
329
338
940
226
227
229
330
339
227
230
243
331
340
348
775
228
229
231
326
341
229
230
232
327
342
230
233
244
328
343
347
777
231
232
234
324
344
232
233
235
325
345
234
235
236
323
346
238
244
347
778
239
243
348
779
240
242
349
781
241
350
784
941
241
350
351
791
944
241
242
349
352
794
242
243
348
353
797
243
244
347
354
799
246
255
355
967
247
250
356
957
248
357
806
950
248
357
358
807
947
248
249
357
359
361
808
953
248
250
356
360
955
249
361
811
960
249
252
361
362
368
814
963
249
250
253
356
363
366
965
249
254
364
367
817
250
255
355
365
966
251
253
366
969
251
254
367
820
252
368
823
972
252
259
368
369
380
826
975
252
253
260
366
370
378
977
252
254
261
367
371
379
829
253
255
262
355
372
375
978
253
254
263
373
376
254
264
374
377
832
256
262
375
979
256
257
263
376
257
264
377
834
258
260
378
981
258
261
379
836
259
380
839
984
259
271
380
381
398
842
987
259
260
272
378
382
396
989
259
261
273
379
383
397
845
260
262
274
375
384
393
990
260
261
263
275
376
385
394
261
264
276
377
386
395
848
262
263
277
387
390
263
264
278
388
391
264
279
389
392
850
265
266
277
390
266
267
278
391
267
279
392
851
268
274
393
991
268
269
275
394
269
276
395
852
270
272
396
993
270
273
397
854
271
398
857
996
271
289
398
399
420
860
999
271
272
290
396
400
418
1001
271
273
291
397
401
419
863
272
274
292
393
402
415
1002
272
273
275
293
394
403
416
273
276
294
395
404
417
866
274
275
277
295
390
405
412
275
276
278
296
391
406
413
276
279
297
392
407
414
868
277
278
298
408
410
278
279
299
409
411
280
281
298
410
281
282
299
411
283
284
295
412
284
285
296
413
285
297
414
869
286
292
415
1003
286
287
293
416
287
294
417
870
288
290
418
1005
288
291
419
872
289
420
875
1008
289
311
420
421
444
878
1011
289
290
312
418
422
442
1013
289
291
313
419
423
443
881
290
292
314
415
424
439
1014
290
291
293
315
416
425
440
291
294
316
417
426
441
884
292
293
295
317
412
427
436
293
294
296
318
413
428
437
294
297
319
414
429
438
886
295
296
298
320
410
430
434
296
297
299
321
411
431
435
298
299
322
432
433
300
301
322
433
302
303
320
434
303
304
321
435
305
306
317
436
306
307
318
437
307
319
438
887
308
314
439
1015
308
309
315
440
309
316
441
888
310
312
442
1017
310
313
443
890
311
444
893
1020
311
335
444
445
468
896
1023
311
312
336
442
446
466
1025
311
313
337
443
447
467
899
312
314
338
439
448
463
1026
312
313
315
339
440
449
464
313
316
340
441
450
465
902
314
315
317
341
436
451
460
315
316
318
342
437
452
461
316
319
343
438
453
462
904
317
318
320
344
434
454
458
318
319
321
345
435
455
459
320
321
322
346
433
456
457
324
325
346
457
326
327
344
458
327
328
345
459
329
330
341
460
330
331
342
461
331
343
462
905
332
338
463
1027
332
333
339
464
333
340
465
906
334
336
466
1029
334
337
467
908
335
468
911
1032
335
351
468
469
484
914
1035
335
336
466
470
1037
335
337
352
467
471
483
917
336
338
463
472
1038
336
337
339
464
473
337
340
353
465
474
482
920
338
339
341
460
475
339
340
342
461
476
340
343
354
462
477
481
922
341
342
344
458
478
342
343
345
459
479
344
345
346
457
480
348
354
481
923
349
353
482
924
350
352
483
926
351
484
929
1039
351
484
485
932
1040
351
352
483
486
935
352
353
482
487
938
353
354
481
488
940
356
365
489
1048
357
360
490
1044
358
491
358
491
492
358
359
491
493
495
358
360
490
494
1042
359
495
359
362
495
496
502
359
360
363
490
497
500
1046
359
364
498
501
945
360
365
489
499
1047
361
363
500
1050
361
364
501
948
362
502
362
369
502
503
514
362
363
370
500
504
512
1052
362
364
371
501
505
513
951
363
365
372
489
506
509
1053
363
364
373
507
510
364
374
508
511
954
366
372
509
1054
366
367
373
510
367
374
511
956
368
370
512
1056
368
371
513
958
369
514
369
381
514
515
532
369
370
382
512
516
530
1058
369
371
383
513
517
531
961
370
372
384
509
518
527
1059
370
371
373
385
510
519
528
371
374
386
511
520
529
964
372
373
387
521
524
373
374
388
522
525
374
389
523
526
966
375
376
387
524
376
377
388
525
377
389
526
967
378
384
527
1060
378
379
385
528
379
386
529
968
380
382
530
1062
380
383
531
970
381
532
381
399
532
533
554
381
382
400
530
534
552
1064
381
383
401
531
535
553
973
382
384
402
527
536
549
1065
382
383
385
403
528
537
550
383
386
404
529
538
551
976
384
385
387
405
524
539
546
385
386
388
406
525
540
547
386
389
407
526
541
548
978
387
388
408
542
544
388
389
409
543
545
390
391
408
544
391
392
409
545
393
394
405
546
394
395
406
547
395
407
548
979
396
402
549
1066
396
397
403
550
397
404
551
980
398
400
552
1068
398
401
553
982
399
554
399
421
554
555
578
399
400
422
552
556
576
1070
399
401
423
553
557
577
985
400
402
424
549
558
573
1071
400
401
403
425
550
559
574
401
404
426
551
560
575
988
402
403
405
427
546
561
570
403
404
406
428
547
562
571
404
407
429
548
563
572
990
405
406
408
430
544
564
568
406
407
409
431
545
565
569
408
409
432
566
567
410
411
432
567
412
413
430
568
413
414
431
569
415
416
427
570
416
417
428
571
417
429
572
991
418
424
573
1072
418
419
425
574
419
426
575
992
420
422
576
1074
420
423
577
994
421
578
421
445
578
579
602
421
422
446
576
580
600
1076
421
423
447
577
581
601
997
422
424
448
573
582
597
1077
422
423
425
449
574
583
598
423
426
450
575
584
599
1000
424
425
427
451
570
585
594
425
426
428
452
571
586
595
426
429
453
572
587
596
1002
427
428
430
454
568
588
592
428
429
431
455
569
589
593
430
431
432
456
567
590
591
434
435
456
591
436
437
454
592
437
438
455
593
439
440
451
594
440
441
452
595
441
453
596
1003
442
448
597
1078
442
443
449
598
443
450
599
1004
444
446
600
1080
444
447
601
1006
445
602
445
469
602
603
626
445
446
470
600
604
624
1082
445
447
471
601
605
625
1009
446
448
472
597
606
621
1083
446
447
449
473
598
607
622
447
450
474
599
608
623
1012
448
449
451
475
594
609
618
449
450
452
476
595
610
619
450
453
477
596
611
620
1014
451
452
454
478
592
612
616
452
453
455
479
593
613
617
454
455
456
480
591
614
615
458
459
480
615
460
461
478
616
461
462
479
617
463
464
475
618
464
465
476
619
465
477
620
1015
466
472
621
1084
466
467
473
622
467
474
623
1016
468
470
624
1086
468
471
625
1018
469
626
469
485
626
627
642
469
470
624
628
1088
469
471
486
625
629
641
1021
470
472
621
630
1089
470
471
473
622
631
471
474
487
623
632
640
1024
472
473
475
618
633
473
474
476
619
634
474
477
488
620
635
639
1026
475
476
478
616
636
476
477
479
617
637
478
479
480
615
638
482
488
639
1027
483
487
640
1028
484
486
641
1030
485
642
485
642
643
485
486
641
644
1033
486
487
640
645
1036
487
488
639
646
1038
490
499
647
1091
491
494
648
492
494
648
649
493
494
497
648
650
653
493
498
651
654
494
499
647
652
1090
495
497
653
495
498
654
496
497
504
653
655
663
496
498
505
654
656
664
497
499
506
647
657
660
1092
497
498
507
658
661
498
508
659
662
1041
500
506
660
1093
500
501
507
661
501
508
662
1043
502
504
663
502
505
664
503
504
516
663
665
679
503
505
517
664
666
680
504
506
518
660
667
676
1094
504
505
507
519
661
668
677
505
508
520
662
669
678
1045
506
507
521
670
673
507
508
522
671
674
508
523
672
675
1047
509
510
521
673
510
511
522
674
511
523
675
1048
512
518
676
1095
512
513
519
677
513
520
678
1049
514
516
679
514
517
680
515
516
534
679
681
699
515
517
535
680
682
700
516
518
536
676
683
696
1096
516
517
519
537
677
684
697
517
520
538
678
685
698
1051
518
519
521
539
673
686
693
519
520
522
540
674
687
694
520
523
541
675
688
695
1053
521
522
542
689
691
522
523
543
690
692
524
525
542
691
525
526
543
692
527
528
539
693
528
529
540
694
529
541
695
1054
530
536
696
1097
530
531
537
697
531
538
698
1055
532
534
699
532
535
700
533
534
556
699
701
721
533
535
557
700
702
722
534
536
558
696
703
718
1098
534
535
537
559
697
704
719
535
538
560
698
705
720
1057
536
537
539
561
693
706
715
537
538
540
562
694
707
716
538
541
563
695
708
717
1059
539
540
542
564
691
709
713
540
541
543
565
692
710
714
542
543
566
711
712
544
545
566
712
546
547
564
713
547
548
565
714
549
550
561
715
550
551
562
716
551
563
717
1060
552
558
718
1099
552
553
559
719
553
560
720
1061
554
556
721
554
557
722
555
556
580
721
723
743
555
557
581
722
724
744
556
558
582
718
725
740
1100
556
557
559
583
719
726
741
557
560
584
720
727
742
1063
558
559
561
585
715
728
737
559
560
562
586
716
729
738
560
563
587
717
730
739
1065
561
562
564
588
713
731
735
562
563
565
589
714
732
736
564
565
566
590
712
733
734
568
569
590
734
570
571
588
735
571
572
589
736
573
574
585
737
574
575
586
738
575
587
739
1066
576
582
740
1101
576
577
583
741
577
584
742
1067
578
580
743
578
581
744
579
580
604
743
745
765
579
581
605
744
746
766
580
582
606
740
747
762
1102
580
581
583
607
741
748
763
581
584
608
742
749
764
1069
582
583
585
609
737
750
759
583
584
586
610
738
751
760
584
587
611
739
752
761
1071
585
586
588
612
735
753
757
586
587
589
613
736
754
758
588
589
590
614
734
755
756
592
593
614
756
594
595
612
757
595
596
613
758
597
598
609
759
598
599
610
760
599
611
761
1072
600
606
762
1103
600
601
607
763
601
608
764
1073
602
604
765
602
605
766
603
604
628
765
767
787
603
605
629
766
768
788
604
606
630
762
769
784
1104
604
605
607
631
763
770
785
605
608
632
764
771
786
1075
606
607
609
633
759
772
781
607
608
610
634
760
773
782
608
611
635
761
774
783
1077
609
610
612
636
757
775
779
610
611
613
637
758
776
780
612
613
614
638
756
777
778
616
617
638
778
618
619
636
779
619
620
637
780
621
622
633
781
622
623
634
782
623
635
783
1078
624
630
784
1105
624
625
631
785
625
632
786
1079
626
628
787
626
629
788
627
628
787
789
627
629
644
788
790
802
628
630
784
791
1106
628
629
631
785
792
629
632
645
786
793
801
1081
630
631
633
781
794
631
632
634
782
795
632
635
646
783
796
800
1083
633
634
636
779
797
634
635
637
780
798
636
637
638
778
799
640
646
800
1084
641
645
801
1085
642
644
802
643
644
802
803
644
645
801
804
1087
645
646
800
805
1089
648
652
806
649
652
806
807
650
652
657
806
808
811
650
651
658
809
812
651
659
810
813
653
657
811
653
654
658
812
654
659
813
655
657
667
811
814
823
655
656
658
668
812
815
824
656
659
669
813
816
825
657
658
670
817
820
658
659
671
818
821
659
672
819
822
1090
660
661
670
820
661
662
671
821
662
672
822
1091
663
667
823
663
664
668
824
664
669
825
665
667
683
823
826
839
665
666
668
684
824
827
840
666
669
685
825
828
841
667
668
670
686
820
829
836
668
669
671
687
821
830
837
669
672
688
822
831
838
1092
670
671
689
832
834
671
672
690
833
835
673
674
689
834
674
675
690
835
676
677
686
836
677
678
687
837
678
688
838
1093
679
683
839
679
680
684
840
680
685
841
681
683
703
839
842
857
681
682
684
704
840
843
858
682
685
705
841
844
859
683
684
686
706
836
845
854
684
685
687
707
837
846
855
685
688
708
838
847
856
1094
686
687
689
709
834
848
852
687
688
690
710
835
849
853
689
690
711
850
851
691
692
711
851
693
694
709
852
694
695
710
853
696
697
706
854
697
698
707
855
698
708
856
1095
699
703
857
699
700
704
858
700
705
859
701
703
725
857
860
875
701
702
704
726
858
861
876
702
705
727
859
862
877
703
704
706
728
854
863
872
704
705
707
729
855
864
873
705
708
730
856
865
874
1096
706
707
709
731
852
866
870
707
708
710
732
853
867
871
709
710
711
733
851
868
869
713
714
733
869
715
716
731
870
716
717
732
871
718
719
728
872
719
720
729
873
720
730
874
1097
721
725
875
721
722
726
876
722
727
877
723
725
747
875
878
893
723
724
726
748
876
879
894
724
727
749
877
880
895
725
726
728
750
872
881
890
726
727
729
751
873
882
891
727
730
752
874
883
892
1098
728
729
731
753
870
884
888
729
730
732
754
871
885
889
731
732
733
755
869
886
887
735
736
755
887
737
738
753
888
738
739
754
889
740
741
750
890
741
742
751
891
742
752
892
1099
743
747
893
743
744
748
894
744
749
895
745
747
769
893
896
911
745
746
748
770
894
897
912
746
749
771
895
898
913
747
748
750
772
890
899
908
748
749
751
773
891
900
909
749
752
774
892
901
910
1100
750
751
753
775
888
902
906
751
752
754
776
889
903
907
753
754
755
777
887
904
905
757
758
777
905
759
760
775
906
760
761
776
907
762
763
772
908
763
764
773
909
764
774
910
1101
765
769
911
765
766
770
912
766
771
913
767
769
791
911
914
929
767
768
770
792
912
915
930
768
771
793
913
916
931
769
770
772
794
908
917
926
770
771
773
795
909
918
927
771
774
796
910
919
928
1102
772
773
775
797
906
920
924
773
774
776
798
907
921
925
775
776
777
799
905
922
923
779
780
799
923
781
782
797
924
782
783
798
925
784
785
794
926
785
786
795
927
786
796
928
1103
787
791
929
787
788
792
930
788
793
931
789
791
929
932
789
790
792
930
933
790
793
804
931
934
942
791
792
794
926
935
792
793
795
927
936
793
796
805
928
937
941
1104
794
795
797
924
938
795
796
798
925
939
797
798
799
923
940
801
805
941
1105
802
804
942
803
804
942
943
804
805
941
944
1106
808
809
817
945
948
809
810
818
946
949
810
819
947
950
811
812
817
948
812
813
818
949
813
819
950
814
815
817
829
948
951
958
815
816
818
830
949
952
959
816
819
831
950
953
960
817
818
832
954
956
818
819
833
955
957
820
821
832
956
821
822
833
957
823
824
829
958
824
825
830
959
825
831
960
826
827
829
845
958
961
970
827
828
830
846
959
962
971
828
831
847
960
963
972
829
830
832
848
956
964
968
830
831
833
849
957
965
969
832
833
850
966
967
834
835
850
967
836
837
848
968
837
838
849
969
839
840
845
970
840
841
846
971
841
847
972
842
843
845
863
970
973
982
843
844
846
864
971
974
983
844
847
865
972
975
984
845
846
848
866
968
976
980
846
847
849
867
969
977
981
848
849
850
868
967
978
979
852
853
868
979
854
855
866
980
855
856
867
981
857
858
863
982
858
859
864
983
859
865
984
860
861
863
881
982
985
994
861
862
864
882
983
986
995
862
865
883
984
987
996
863
864
866
884
980
988
992
864
865
867
885
981
989
993
866
867
868
886
979
990
991
870
871
886
991
872
873
884
992
873
874
885
993
875
876
881
994
876
877
882
995
877
883
996
878
879
881
899
994
997
1006
879
880
882
900
995
998
1007
880
883
901
996
999
1008
881
882
884
902
992
1000
1004
882
883
885
903
993
1001
1005
884
885
886
904
991
1002
1003
888
889
904
1003
890
891
902
1004
891
892
903
1005
893
894
899
1006
894
895
900
1007
895
901
1008
896
897
899
917
1006
1009
1018
897
898
900
918
1007
1010
1019
898
901
919
1008
1011
1020
899
900
902
920
1004
1012
1016
900
901
903
921
1005
1013
1017
902
903
904
922
1003
1014
1015
906
907
922
1015
908
909
920
1016
909
910
921
1017
911
912
917
1018
912
913
918
1019
913
919
1020
914
915
917
935
1018
1021
1030
915
916
918
936
1019
1022
1031
916
919
937
1020
1023
1032
917
918
920
938
1016
1024
1028
918
919
921
939
1017
1025
1029
920
921
922
940
1015
1026
1027
924
925
940
1027
926
927
938
1028
927
928
939
1029
929
930
935
1030
930
931
936
1031
931
937
1032
932
933
935
1030
1033
933
934
936
1031
1034
934
937
944
1032
1035
1039
935
936
938
1028
1036
936
937
939
1029
1037
938
939
940
1027
1038
942
944
1039
943
944
1039
1040
945
946
954
1041
1043
946
947
955
1042
1044
948
949
954
1043
949
950
955
1044
951
952
954
964
1043
1045
1049
952
953
955
965
1044
1046
1050
954
955
966
1047
1048
956
957
966
1048
958
959
964
1049
959
960
965
1050
961
962
964
976
1049
1051
1055
962
963
965
977
1050
1052
1056
964
965
966
978
1048
1053
1054
968
969
978
1054
970
971
976
1055
971
972
977
1056
973
974
976
988
1055
1057
1061
974
975
977
989
1056
1058
1062
976
977
978
990
1054
1059
1060
980
981
990
1060
982
983
988
1061
983
984
989
1062
985
986
988
1000
1061
1063
1067
986
987
989
1001
1062
1064
1068
988
989
990
1002
1060
1065
1066
992
993
1002
1066
994
995
1000
1067
995
996
1001
1068
997
998
1000
1012
1067
1069
1073
998
999
1001
1013
1068
1070
1074
1000
1001
1002
1014
1066
1071
1072
1004
1005
1014
1072
1006
1007
1012
1073
1007
1008
1013
1074
1009
1010
1012
1024
1073
1075
1079
1010
1011
1013
1025
1074
1076
1080
1012
1013
1014
1026
1072
1077
1078
1016
1017
1026
1078
1018
1019
1024
1079
1019
1020
1025
1080
1021
1022
1024
1036
1079
1081
1085
1022
1023
1025
1037
1080
1082
1086
1024
1025
1026
1038
1078
1083
1084
1028
1029
1038
1084
1030
1031
1036
1085
1031
1032
1037
1086
1033
1034
1036
1085
1087
1034
1035
1037
1086
1088
1036
1037
1038
1084
1089
1041
1042
1047
1090
1091
1043
1044
1047
1091
1045
1046
1047
1053
1091
1092
1093
1049
1050
1053
1093
1051
1052
1053
1059
1093
1094
1095
1055
1056
1059
1095
1057
1058
1059
1065
1095
1096
1097
1061
1062
1065
1097
1063
1064
1065
1071
1097
1098
1099
1067
1068
1071
1099
1069
1070
1071
1077
1099
1100
1101
1073
1074
1077
1101
1075
1076
1077
1083
1101
1102
1103
1079
1080
1083
1103
1081
1082
1083
1089
1103
1104
1105
1085
1086
1089
1105
1087
1088
1089
1105
1106
