0
3
7
12
17
21
26
33
36
40
45
48
52
56
61
68
73
77
84
89
94
97
101
105
110
115
118
122
126
130
135
142
147
151
158
165
170
175
179
183
187
194
199
206
211
214
219
223
227
231
236
241
246
249
253
257
261
266
273
278
282
289
296
301
306
310
314
318
325
332
339
346
351
356
360
364
368
372
376
380
387
392
399
404
409
416
419
422
427
431
435
439
443
448
453
458
463
467
471
475
480
487
492
496
503
510
515
520
524
528
532
539
546
553
560
565
570
574
578
582
586
590
594
601
608
615
622
629
636
641
646
651
655
659
663
667
671
675
679
683
687
694
699
706
711
716
723
728
733
740
743
746
750
754
758
762
767
772
777
782
786
790
794
799
806
811
815
822
829
834
839
843
847
851
858
865
872
879
884
889
893
897
901
905
909
913
920
927
934
941
948
955
960
965
970
974
978
982
986
990
994
998
1002
1006
1013
1020
1027
1034
1041
1048
1055
1062
1069
1074
1079
1083
1087
1091
1095
1099
1103
1107
1111
1115
1119
1123
1130
1135
1142
1147
1152
1159
1164
1169
1176
1181
1186
1189
1193
1197
1201
1205
1210
1215
1220
1225
1229
1233
1237
1242
1249
1254
1258
1265
1272
1277
1282
1286
1290
1294
1301
1308
1315
1322
1327
1332
1336
1340
1344
1348
1352
1356
1363
1370
1377
1384
1391
1398
1403
1408
1413
1417
1421
1425
1429
1433
1437
1441
1445
1449
1456
1463
1470
1477
1484
1491
1498
1505
1512
1517
1522
1526
1530
1534
1538
1542
1546
1550
1554
1558
1562
1566
1573
1580
1587
1594
1601
1608
1615
1622
1629
1636
1643
1648
1652
1656
1660
1664
1668
1672
1676
1680
1684
1688
1692
1696
1703
1708
1715
1720
1725
1732
1737
1742
1749
1754
1759
1764
1768
1772
1776
1780
1785
1790
1795
1800
1804
1808
1812
1817
1824
1829
1833
1840
1847
1852
1857
1861
1865
1869
1876
1883
1890
1897
1902
1907
1911
1915
1919
1923
1927
1931
1938
1945
1952
1959
1966
1973
1978
1983
1988
1992
1996
2000
2004
2008
2012
2016
2020
2024
2031
2038
2045
2052
2059
2066
2073
2080
2087
2092
2097
2101
2105
2109
2113
2117
2121
2125
2129
2133
2137
2141
2148
2155
2162
2169
2176
2183
2190
2197
2204
2211
2218
2223
2227
2231
2235
2239
2243
2247
2251
2255
2259
2263
2267
2271
2278
2285
2292
2299
2306
2313
2320
2327
2334
2341
2348
2355
2359
2363
2367
2371
2375
2379
2383
2387
2391
2395
2399
2403
2410
2415
2422
2427
2432
2439
2444
2449
2456
2461
2466
2471
2475
2479
2483
2487
2492
2497
2502
2507
2511
2515
2517
2520
2525
2530
2532
2537
2544
2549
2554
2558
2562
2564
2569
2576
2583
2590
2595
2600
2604
2608
2612
2616
2620
2622
2627
2634
2641
2648
2655
2662
2667
2672
2677
2681
2685
2689
2693
2697
2701
2705
2709
2711
2716
2723
2730
2737
2744
2751
2758
2765
2772
2777
2782
2786
2790
2794
2798
2802
2806
2810
2814
2818
2822
2824
2829
2836
2843
2850
2857
2864
2871
2878
2885
2892
2899
2904
2908
2912
2916
2920
2924
2928
2932
2936
2940
2944
2948
2950
2955
2962
2969
2976
2983
2990
2997
3004
3011
3018
3025
3032
3036
3040
3044
3048
3052
3056
3060
3064
3068
3072
3076
3078
3083
3090
3097
3104
3111
3118
3125
3132
3139
3146
3153
3160
3164
3168
3172
3176
3180
3184
3188
3192
3196
3200
3204
3206
3211
3216
3223
3228
3233
3240
3245
3250
3257
3262
3267
3272
3276
3280
3284
3286
3289
3294
3299
3304
3308
3311
3315
3321
3325
3330
3333
3336
3342
3348
3355
3360
3365
3369
3373
3377
3380
3383
3389
3395
3402
3409
3416
3421
3426
3431
3435
3439
3443
3447
3451
3455
3458
3461
3467
3473
3480
3487
3494
3501
3508
3515
3520
3525
3529
3533
3537
3541
3545
3549
3553
3557
3560
3563
3569
3575
3582
3589
3596
3603
3610
3617
3624
3631
3636
3640
3644
3648
3652
3656
3660
3664
3668
3672
3675
3678
3684
3690
3697
3704
3711
3718
3725
3732
3739
3746
3753
3757
3761
3765
3769
3773
3777
3781
3785
3789
3792
3795
3801
3807
3814
3821
3828
3835
3842
3849
3856
3863
3870
3874
3878
3882
3886
3890
3894
3898
3902
3906
3909
3912
3918
3924
3931
3938
3945
3952
3959
3966
3973
3980
3987
3991
3995
3999
4003
4007
4011
4015
4019
4023
4026
4029
4033
4039
4044
4049
4056
4061
4066
4073
4078
4083
4088
4092
4096
4099
4103
4108
4113
4116
4120
4126
4131
4135
4138
4142
4145
4151
4158
4164
4169
4174
4179
4183
4187
4191
4194
4198
4201
4207
4214
4220
4227
4234
4241
4246
4251
4255
4259
4263
4267
4271
4274
4278
4281
4287
4294
4300
4307
4314
4321
4328
4335
4340
4344
4348
4352
4356
4360
4364
4367
4371
4374
4380
4387
4393
4400
4407
4414
4421
4428
4435
4439
4443
4447
4451
4455
4459
4462
4466
4469
4475
4482
4488
4495
4502
4509
4516
4523
4530
4534
4538
4542
4546
4550
4554
4557
4561
4564
4570
4577
4583
4590
4597
4604
4611
4618
4625
4629
4633
4637
4641
4645
4649
4652
4656
4659
4665
4672
4678
4685
4692
4699
4706
4713
4720
4724
4728
4732
4736
4740
4744
4747
4751
4754
4758
4763
4769
4774
4779
4786
4791
4796
4801
4805
4808
4812
4817
4822
4827
4831
4835
4839
4842
4849
4856
4862
4867
4872
4876
4880
4884
4888
4891
4898
4905
4911
4918
4925
4930
4934
4938
4942
4946
4950
4953
4960
4967
4973
4980
4987
4994
4998
5002
5006
5010
5014
5017
5024
5031
5037
5044
5051
5058
5062
5066
5070
5074
5078
5081
5088
5095
5101
5108
5115
5122
5126
5130
5134
5138
5142
5145
5152
5159
5165
5172
5179
5186
5190
5194
5198
5202
5206
5209
5216
5223
5229
5236
5243
5250
5254
5258
5262
5266
5270
5273
5278
5283
5289
5294
5299
5304
5307
5311
5316
5321
5325
5329
5336
5343
5348
5352
5356
5360
5367
5374
5381
5385
5389
5393
5400
5407
5414
5418
5422
5426
5433
5440
5447
5451
5455
5459
5466
5473
5480
5484
5488
5492
5499
5506
5513
5517
5521
5525
5532
5539
5546
5550
5554
5558
5563
5568
5573
5578
5582
5589
5593
5600
5604
5611
5615
5622
5626
5633
5637
5644
5648
5655
5659
5664
